resource,period,region,discharge,charge,net_power,start_state_of_charge,end_state_of_charge
R2_Very_Large_Storage,1,Region2,5575.41800000006,0.0,5575.41800000006,45567.4520000033,39992.034000003245
R2_Very_Large_Storage,2,Region2,0.0,4665.7919999999,-4665.7919999999,39992.0340000032,44657.8260000031
R2_Very_Large_Storage,3,Region2,12512.4480000003,0.0,12512.4480000003,44657.8260000031,32145.3780000028
R2_Very_Large_Storage,4,Region2,0.0,21134.9219999998,-21134.9219999998,32145.3780000028,53280.30000000259
R2_Very_Large_Storage,5,Region2,18358.0079999999,0.0,18358.0079999999,53280.3000000026,34922.2920000027
R2_Very_Large_Storage,6,Region2,0.0,13619.6519999998,-13619.6519999998,34922.2920000027,48541.9440000025
R2_Very_Large_Storage,7,Region2,35562.2080000001,0.0,35562.2080000001,48541.9440000025,12979.736000002398
R2_Very_Large_Storage,8,Region2,0.0,23994.9819999998,-23994.9819999998,12979.7360000024,36974.7180000022
R2_Very_Large_Storage,9,Region2,0.0,47762.9619999998,-47762.9619999998,36974.7180000022,84737.680000002
R2_Very_Large_Storage,10,Region2,5824.35800000001,0.0,5824.35800000001,84737.680000002,78913.322000002
R2_Very_Large_Storage,11,Region2,0.0,18912.0919999997,-18912.0919999997,78913.322000002,97825.41400000169
R2_Very_Large_Storage,12,Region2,21365.3080000002,0.0,21365.3080000002,97825.4140000017,76460.10600000151
R2_Very_Large_Storage,13,Region2,0.0,18007.142,-18007.142,76460.1060000015,94467.2480000015
R2_Very_Large_Storage,14,Region2,2540.80800000019,0.0,2540.80800000019,94467.2480000015,91926.44000000131
R2_Very_Large_Storage,15,Region2,0.0,20267.4819999998,-20267.4819999998,91926.4400000013,112193.9220000011
R2_Very_Large_Storage,16,Region2,10924.8480000002,0.0,10924.8480000002,112193.922000001,101269.0740000008
R2_Very_Large_Storage,17,Region2,7568.62800000003,0.0,7568.62800000003,101269.074000001,93700.44600000097
R2_Very_Large_Storage,18,Region2,0.0,13453.3819999998,-13453.3819999998,93700.4460000009,107153.82800000069
R2_Very_Large_Storage,19,Region2,17882.858,0.0,17882.858,107153.828000001,89270.97000000099
R2_Very_Large_Storage,20,Region2,1545.58799999999,0.0,1545.58799999999,89270.9700000007,87725.38200000071
R2_Very_Large_Storage,21,Region2,0.0,33064.1119999997,-33064.1119999997,87725.3820000007,120789.4940000004
R2_Very_Large_Storage,22,Region2,0.0,39402.9920000001,-39402.9920000001,120789.494,160192.4860000001
R2_Very_Large_Storage,23,Region2,0.0,16603.8319999999,-16603.8319999999,160192.486,176796.3179999999
R2_Very_Large_Storage,24,Region2,20203.0079999999,0.0,20203.0079999999,176796.318,156593.3100000001
R2_Very_Large_Storage,25,Region2,0.0,7575.17199999979,-7575.17199999979,156593.310000001,164168.48200000077
R2_Very_Large_Storage,26,Region2,0.0,27535.7719999999,-27535.7719999999,164168.482,191704.2539999999
R2_Very_Large_Storage,27,Region2,0.0,875.461999999825,-875.461999999825,191704.254,192579.7159999998
R2_Very_Large_Storage,28,Region2,1253.31799999997,0.0,1253.31799999997,192579.716,191326.39800000002
R2_Very_Large_Storage,29,Region2,0.0,8673.60199999996,-8673.60199999996,191326.398,199999.99999999994
R2_Very_Large_Storage,30,Region2,32412.338,0.0,32412.338,200000.0,167587.662
R2_Very_Large_Storage,31,Region2,0.0,20209.142,-20209.142,167587.662,187796.804
R2_Very_Large_Storage,32,Region2,0.0,10285.1919999998,-10285.1919999998,187796.804,198081.9959999998
R2_Very_Large_Storage,33,Region2,14355.0079999999,0.0,14355.0079999999,198081.996,183726.98800000013
R2_Very_Large_Storage,34,Region2,37251.318,0.0,37251.318,183726.988,146475.67
R2_Very_Large_Storage,35,Region2,35893.3480000002,0.0,35893.3480000002,146475.67,110582.32199999981
R2_Very_Large_Storage,36,Region2,13837.318,0.0,13837.318,110582.322,96745.004
R2_Very_Large_Storage,37,Region2,22820.4280000003,0.0,22820.4280000003,96745.0039999997,73924.57599999939
R2_Very_Large_Storage,38,Region2,5903.38800000027,0.0,5903.38800000027,73924.5759999994,68021.18799999914
R2_Very_Large_Storage,39,Region2,15883.0180000002,0.0,15883.0180000002,68021.1879999992,52138.169999998994
R2_Very_Large_Storage,40,Region2,23817.898,0.0,23817.898,52138.169999999,28320.271999999
R2_Very_Large_Storage,41,Region2,0.0,10970.2420000001,-10970.2420000001,28320.2719999989,39290.513999999
R2_Very_Large_Storage,42,Region2,33341.1880000001,0.0,33341.1880000001,39290.513999999,5949.325999998902
R2_Very_Large_Storage,43,Region2,0.0,12800.202,-12800.202,5949.32599999895,18749.52799999895
R2_Very_Large_Storage,44,Region2,8159.24800000014,0.0,8159.24800000014,18749.527999999,10590.279999998862
R2_Very_Large_Storage,45,Region2,10377.0079999999,0.0,10377.0079999999,10590.2799999989,213.2719999990004
R2_Very_Large_Storage,46,Region2,0.0,2605.93200000003,-2605.93200000003,213.271999998949,2819.203999998979
R2_Very_Large_Storage,47,Region2,2819.20399999898,0.0,2819.20399999898,2819.20399999898,0.0
R2_Very_Large_Storage,48,Region2,-0.0,0.0,-0.0,0.0,0.0
R2_Very_Large_Storage,49,Region2,-0.0,0.0,-0.0,0.0,0.0
R2_Very_Large_Storage,50,Region2,-0.0,0.0,-0.0,0.0,0.0
R2_Very_Large_Storage,51,Region2,0.0,17724.6600000034,-17724.6600000034,0.0,17724.6600000034
R2_Very_Large_Storage,52,Region2,0.0,27842.7919999999,-27842.7919999999,17724.6600000034,45567.4520000033
CA_Very_Large_Storage,1,CA,21195.7590000001,0.0,21195.7590000001,68462.1379999998,47266.3789999997
CA_Very_Large_Storage,2,CA,47266.3789999997,0.0,47266.3789999997,47266.3789999997,0.0
CA_Very_Large_Storage,3,CA,0.0,13674.168999996,-13674.168999996,0.0,13674.168999996
CA_Very_Large_Storage,4,CA,0.0,5304.821,-5304.821,13674.168999996,18978.989999996
CA_Very_Large_Storage,5,CA,0.0,2816.7209999999,-2816.7209999999,18978.989999996,21795.7109999959
CA_Very_Large_Storage,6,CA,15370.0789999999,0.0,15370.0789999999,21795.7109999959,6425.631999996
CA_Very_Large_Storage,7,CA,0.0,38248.6010000003,-38248.6010000003,6425.63199999603,44674.23299999633
CA_Very_Large_Storage,8,CA,3183.19900000002,0.0,3183.19900000002,44674.2329999963,41491.033999996274
CA_Very_Large_Storage,9,CA,0.0,14513.1410000003,-14513.1410000003,41491.0339999963,56004.174999996605
CA_Very_Large_Storage,10,CA,0.0,25130.8710000003,-25130.8710000003,56004.1749999966,81135.0459999969
CA_Very_Large_Storage,11,CA,0.0,23428.4010000001,-23428.4010000001,81135.0459999968,104563.4469999969
CA_Very_Large_Storage,12,CA,0.0,7545.81100000022,-7545.81100000022,104563.446999997,112109.25799999722
CA_Very_Large_Storage,13,CA,0.0,3232.71100000013,-3232.71100000013,112109.257999997,115341.96899999713
CA_Very_Large_Storage,14,CA,0.0,3473.53099999996,-3473.53099999996,115341.968999997,118815.49999999696
CA_Very_Large_Storage,15,CA,0.0,6395.48100000015,-6395.48100000015,118815.499999997,125210.98099999715
CA_Very_Large_Storage,16,CA,0.0,6940.24099999992,-6940.24099999992,125210.980999997,132151.22199999692
CA_Very_Large_Storage,17,CA,0.0,27978.611,-27978.611,132151.221999997,160129.83299999702
CA_Very_Large_Storage,18,CA,10574.8489999999,0.0,10574.8489999999,160129.832999997,149554.9839999971
CA_Very_Large_Storage,19,CA,693.748999999836,0.0,693.748999999836,149554.983999997,148861.23499999716
CA_Very_Large_Storage,20,CA,12595.5090000001,0.0,12595.5090000001,148861.234999998,136265.7259999979
CA_Very_Large_Storage,21,CA,5679.49899999984,0.0,5679.49899999984,136265.725999997,130586.22699999716
CA_Very_Large_Storage,22,CA,0.0,12955.9410000001,-12955.9410000001,130586.226999998,143542.1679999981
CA_Very_Large_Storage,23,CA,15369.3689999999,0.0,15369.3689999999,143542.167999998,128172.7989999981
CA_Very_Large_Storage,24,CA,0.0,11970.3810000001,-11970.3810000001,128172.798999998,140143.1799999981
CA_Very_Large_Storage,25,CA,24667.0690000001,0.0,24667.0690000001,140143.179999998,115476.11099999791
CA_Very_Large_Storage,26,CA,22194.429,0.0,22194.429,115476.110999998,93281.68199999799
CA_Very_Large_Storage,27,CA,25101.6089999997,0.0,25101.6089999997,93281.6819999977,68180.072999998
CA_Very_Large_Storage,28,CA,0.0,65597.0210000002,-65597.0210000002,68180.072999998,133777.09399999818
CA_Very_Large_Storage,29,CA,8431.10899999971,0.0,8431.10899999971,133777.093999998,125345.9849999983
CA_Very_Large_Storage,30,CA,7927.679,0.0,7927.679,125345.984999998,117418.305999998
CA_Very_Large_Storage,31,CA,47422.7590000001,0.0,47422.7590000001,117418.305999998,69995.5469999979
CA_Very_Large_Storage,32,CA,0.0,26742.9210000001,-26742.9210000001,69995.5469999984,96738.46799999851
CA_Very_Large_Storage,33,CA,0.0,11812.9509999999,-11812.9509999999,96738.4679999985,108551.4189999984
CA_Very_Large_Storage,34,CA,0.0,19910.2209999999,-19910.2209999999,108551.418999998,128461.6399999979
CA_Very_Large_Storage,35,CA,16778.159,0.0,16778.159,128461.639999998,111683.480999998
CA_Very_Large_Storage,36,CA,0.0,21662.0610000002,-21662.0610000002,111683.480999998,133345.5419999982
CA_Very_Large_Storage,37,CA,0.0,36615.321,-36615.321,133345.541999999,169960.862999999
CA_Very_Large_Storage,38,CA,17084.219,0.0,17084.219,169960.862999998,152876.643999998
CA_Very_Large_Storage,39,CA,1606.19900000002,0.0,1606.19900000002,152876.643999998,151270.44499999797
CA_Very_Large_Storage,40,CA,13950.8789999997,0.0,13950.8789999997,151270.444999998,137319.5659999983
CA_Very_Large_Storage,41,CA,0.0,3127.74099999992,-3127.74099999992,137319.565999999,140447.30699999892
CA_Very_Large_Storage,42,CA,0.0,2224.52100000018,-2224.52100000018,140447.306999999,142671.8279999992
CA_Very_Large_Storage,43,CA,10537.7289999998,0.0,10537.7289999998,142671.827999999,132134.0989999992
CA_Very_Large_Storage,44,CA,19202.409,0.0,19202.409,132134.098999999,112931.689999999
CA_Very_Large_Storage,45,CA,16453.8589999997,0.0,16453.8589999997,112931.689999999,96477.8309999993
CA_Very_Large_Storage,46,CA,0.0,10425.2310000001,-10425.2310000001,96477.8309999993,106903.06199999941
CA_Very_Large_Storage,47,CA,0.0,6481.52100000018,-6481.52100000018,106903.061999999,113384.58299999918
CA_Very_Large_Storage,48,CA,12505.0789999999,0.0,12505.0789999999,113384.583,100879.5040000001
CA_Very_Large_Storage,49,CA,10578.719,0.0,10578.719,100879.504,90300.785
CA_Very_Large_Storage,50,CA,0.0,1998.70099999988,-1998.70099999988,90300.7849999997,92299.48599999958
CA_Very_Large_Storage,51,CA,16428.0189999999,0.0,16428.0189999999,92299.4859999996,75871.4669999997
CA_Very_Large_Storage,52,CA,7409.32899999991,0.0,7409.32899999991,75871.4669999997,68462.13799999979
R3_Very_Large_Storage,1,Region3,24783.7200000002,0.0,24783.7200000002,31777.7200000002,6994.0
R3_Very_Large_Storage,2,Region3,0.0,22412.0899999999,-22412.0899999999,6994.0,29406.0899999999
R3_Very_Large_Storage,3,Region3,20673.5800000001,0.0,20673.5800000001,29406.0899999999,8732.509999999798
R3_Very_Large_Storage,4,Region3,8732.50999999978,0.0,8732.50999999978,8732.50999999978,0.0
R3_Very_Large_Storage,5,Region3,0.0,29723.1600000001,-29723.1600000001,0.0,29723.1600000001
R3_Very_Large_Storage,6,Region3,0.0,14545.6200000001,-14545.6200000001,29723.1600000001,44268.7800000002
R3_Very_Large_Storage,7,Region3,0.0,34917.9900000002,-34917.9900000002,44268.7800000003,79186.7700000005
R3_Very_Large_Storage,8,Region3,0.0,15632.8100000001,-15632.8100000001,79186.7700000005,94819.5800000006
R3_Very_Large_Storage,9,Region3,1475.27000000002,0.0,1475.27000000002,94819.5800000005,93344.31000000048
R3_Very_Large_Storage,10,Region3,27112.8300000001,0.0,27112.8300000001,93344.3100000005,66231.4800000004
R3_Very_Large_Storage,11,Region3,17881.3599999999,0.0,17881.3599999999,66231.4800000004,48350.120000000505
R3_Very_Large_Storage,12,Region3,2497.58000000007,0.0,2497.58000000007,48350.1200000006,45852.54000000053
R3_Very_Large_Storage,13,Region3,0.0,25222.1699999999,-25222.1699999999,45852.5400000005,71074.7100000004
R3_Very_Large_Storage,14,Region3,0.0,5686.00999999978,-5686.00999999978,71074.7100000004,76760.72000000018
R3_Very_Large_Storage,15,Region3,0.0,7511.25,-7511.25,76760.7200000002,84271.9700000002
R3_Very_Large_Storage,16,Region3,13799.2200000002,0.0,13799.2200000002,84271.9700000002,70472.75
R3_Very_Large_Storage,17,Region3,0.0,12144.2799999998,-12144.2799999998,70472.75,82617.0299999998
R3_Very_Large_Storage,18,Region3,11227.2200000002,0.0,11227.2200000002,82617.0299999998,71389.80999999959
R3_Very_Large_Storage,19,Region3,0.0,9558.31000000006,-9558.31000000006,71389.8099999996,80948.11999999966
R3_Very_Large_Storage,20,Region3,0.0,8610.70000000019,-8610.70000000019,80948.1199999996,89558.81999999979
R3_Very_Large_Storage,21,Region3,0.0,4243.74000000022,-4243.74000000022,89558.8199999998,93802.56000000003
R3_Very_Large_Storage,22,Region3,5432.14999999991,0.0,5432.14999999991,93802.5600000001,88370.41000000019
R3_Very_Large_Storage,23,Region3,0.0,28.2700000000186,-28.2700000000186,88370.4100000001,88398.68000000012
R3_Very_Large_Storage,24,Region3,4257.70999999996,0.0,4257.70999999996,88398.6800000002,84140.97000000023
R3_Very_Large_Storage,25,Region3,5490.56999999983,0.0,5490.56999999983,84140.9700000002,78650.40000000037
R3_Very_Large_Storage,26,Region3,0.0,5182.66999999993,-5182.66999999993,78650.4000000004,83833.07000000033
R3_Very_Large_Storage,27,Region3,27839.5499999998,0.0,27839.5499999998,83833.0700000003,55993.5200000005
R3_Very_Large_Storage,28,Region3,0.0,27416.5499999998,-27416.5499999998,55993.5200000005,83410.0700000003
R3_Very_Large_Storage,29,Region3,0.0,17474.1800000002,-17474.1800000002,83410.0700000003,100884.2500000005
R3_Very_Large_Storage,30,Region3,7773.81999999983,0.0,7773.81999999983,100884.25,93110.43000000017
R3_Very_Large_Storage,31,Region3,0.0,342.229999999981,-342.229999999981,93110.4300000006,93452.66000000059
R3_Very_Large_Storage,32,Region3,0.0,37582.27,-37582.27,93452.6600000006,131034.9300000006
R3_Very_Large_Storage,33,Region3,10555.5800000001,0.0,10555.5800000001,131034.930000001,120479.3500000009
R3_Very_Large_Storage,34,Region3,8281.56999999983,0.0,8281.56999999983,120479.350000001,112197.78000000116
R3_Very_Large_Storage,35,Region3,9616.12999999989,0.0,9616.12999999989,112197.780000001,102581.65000000111
R3_Very_Large_Storage,36,Region3,27583.0,0.0,27583.0,102581.650000001,74998.650000001
R3_Very_Large_Storage,37,Region3,2601.41000000015,0.0,2601.41000000015,74998.6500000008,72397.24000000065
R3_Very_Large_Storage,38,Region3,0.0,5854.70000000019,-5854.70000000019,72397.2400000007,78251.94000000089
R3_Very_Large_Storage,39,Region3,20180.23,0.0,20180.23,78251.9400000009,58071.71000000091
R3_Very_Large_Storage,40,Region3,21589.7000000002,0.0,21589.7000000002,58071.7100000009,36482.0100000007
R3_Very_Large_Storage,41,Region3,0.0,10229.25,-10229.25,36482.0100000007,46711.2600000007
R3_Very_Large_Storage,42,Region3,13100.1600000001,0.0,13100.1600000001,46711.2600000007,33611.1000000006
R3_Very_Large_Storage,43,Region3,0.0,45874.5099999998,-45874.5099999998,33611.1000000006,79485.6100000004
R3_Very_Large_Storage,44,Region3,0.0,4708.39000000013,-4708.39000000013,79485.6100000003,84194.00000000044
R3_Very_Large_Storage,45,Region3,16806.9500000002,0.0,16806.9500000002,84194.0000000005,67387.0500000003
R3_Very_Large_Storage,46,Region3,0.0,26645.1600000001,-26645.1600000001,67387.0500000003,94032.2100000004
R3_Very_Large_Storage,47,Region3,35519.1400000001,0.0,35519.1400000001,94032.2100000004,58513.0700000003
R3_Very_Large_Storage,48,Region3,17539.6299999999,0.0,17539.6299999999,58513.0700000003,40973.440000000395
R3_Very_Large_Storage,49,Region3,0.0,3603.04000000004,-3603.04000000004,40973.4400000004,44576.48000000044
R3_Very_Large_Storage,50,Region3,28071.25,0.0,28071.25,44576.4800000004,16505.230000000403
R3_Very_Large_Storage,51,Region3,0.0,18034.2599999998,-18034.2599999998,16505.2300000004,34539.490000000194
R3_Very_Large_Storage,52,Region3,2761.77000000002,0.0,2761.77000000002,34539.4900000002,31777.720000000183
